Dataframe:
Day   High 2020   Low 2020   Avg 2020   High 2021   Low 2021   Avg 2021
 1       43          36       39.00         36         29       32.00
 2       49          34       41.00         42         32       37.00
 3       52          44       48.00         36         29       32.00
 4       48          40       44.00         39         31       35.00
 5       41          32       36.00         33         30       31.00
 6       41          27       34.00         40         30       35.00
 7       42          33       37.00         42         29       35.00
 8       45          29       37.00         41         26       33.00
 9       33          22       27.00         36         24       30.00
10       53          29       41.00         41         27       34.00
11       70          49       59.00         36         24       30.00
12       74          40       57.00         42         27       34.00
13       43          36       39.00         40         31       35.00
14       42          37       39.00         39         31       35.00
15       52          39       45.00         41         33       37.00
16       47          30       38.00         52         37       44.00
17       30          16       23.00         43         34       38.00
18       33          14       23.00         45         31       38.00
19       45          24       34.00         41         27       34.00
20       30          19       24.00         38         25       31.00
21       28          18       23.00         32         21       26.00
22       39          20       29.00         43         30       36.00
23       50          26       38.00         34         17       25.00
24       48          34       41.00         32         19       25.00
25       33          18       25.00         37         28       32.00
26       32          17       24.00         32         15       23.00
27       35          19       27.00         25         13       19.00
28       28          18       23.00         37         22       29.00
29       27          17       22.00         43         30       36.00
30       33          20       26.00         41         24       32.00
31       34          21       27.00         37         26       31.00
-----------------------------------------------------------------------
Days 2021 high hotter than 2020 high: 12 (38%)
Days 2021 low hotter than 2020 low: 14 (45%)
Days 2021 average hotter than 2020 average: 13 (41%)
