23967 166.3 56.8 2.11
24082 169.4 64.4 1.87
24210 165.0 48.7 2.34
24472 162.7 57.9 2.61
24618 149.3 62.6 2.05
25037 164.8 57.2 1.88
25381 158.6 56.8 2.90
25409 152.8 58.6 2.05
25637 158.4 63.8 2.87
25876 170.3 62.8 2.31
26054 164.0 63.7 2.75
26553 160.4 58.8 2.51
26613 159.5 58.9 2.02
26618 154.8 63.6 2.41
26624 160.5 61.5 1.98
27725 170.9 62.5 2.03
27832 147.8 65.6 2.12
27836 148.7 73.2 2.70
27976 155.4 71.0 2.34
28061 167.7 57.9 2.61
28145 156.3 60.2 2.49
28251 171.3 59.2 2.23
28347 164.8 66.0 2.56
28782 152.8 58.6 2.05
28788 165.2 57.3 1.89
29192 149.6 60.9 2.26
29217 165.0 63.7 2.71
29227 158.2 56.3 2.19
29426 173.4 72.7 2.28
29482 155.2 73.1 2.47
29522 148.5 72.1 2.27
29617 168.3 49.7 2.63
29785 169.4 64.4 1.87
29885 166.0 68.0 2.02
29943 170.3 66.8 2.31
29957 166.3 56.8 2.11
29968 162.8 71.6 2.68
29972 167.4 68.2 2.48
29987 149.2 69.7 2.22
30002 172.6 66.8 2.90
30020 168.9 61.4 2.67
30032 159.9 72.7 2.38
30038 142.6 53.3 1.98
30047 148.7 62.1 2.25
30072 148.7 58.3 2.34
30075 161.8 72.5 2.07
30082 177.4 72.0 2.37
30244 172.0 67.8 2.33
30297 164.6 55.9 2.62
30326 162.4 59.7 2.26


